% Varik 12

a0 = 5;
a1 = -6;
b0 = 6;
kM1 = 12;
kM0 = 36;
k0 = 2;